3.998158175059530095e+03 2.417245677227604574e+03 1.731356864162381726e+03 1.840266846022733262e+03 8.145061887242219427e+02 2.326966464316644306e+03 3.288713412060893461e+03 9.755245738470769084e+02 2.386726765858184990e+03 9.181589251711300221e+02 1.350005034718795514e+03 3.205717678972936483e+03 2.411402834298105063e+03 1.547773523450608764e+03 2.684189630579160621e+03 2.024754833110658637e+03
8.177302885764310076e+02 7.264177964304095667e+02 1.161849580872446722e+03 3.332659182638566335e+02 2.415476878657536872e+02 1.392918344188829906e+03 2.398744214249468314e+03 1.720962972036967585e+03 1.551350769286382729e+03 2.183591849644147715e+03 1.117905616237766026e+03 1.450076370999680194e+03 1.624439188956968337e+03 1.020418451483936565e+03 1.704881580750744661e+03 7.970335679080786804e+02
4.800821409565389786e+02 4.577105820718854829e+02 1.064939729087220030e+03 2.484742309824268887e+02 2.279131635207074851e+02 1.114427367581778071e+03 1.184558402289459536e+03 5.260892153710643697e+02 4.976975587744055929e+02 5.041327846083810300e+02 5.796867153930450058e+02 5.257791791324444830e+02 1.014846237536513854e+03 6.298714078543951018e+02 9.640826200859276014e+02 7.133802475958249261e+02
3.244384727212443067e+03 2.452330544973077394e+03 1.360269453409502148e+03 3.150700224157467346e+03 2.095005021150451284e+03 1.553459425599547558e+03 2.665845007197509403e+03 1.009268096676988648e+03 8.204552427612799193e+02 7.880797174398305742e+02 1.261281258010090824e+03 2.624673860677422681e+02 7.656802343188896884e+02 2.768167098614681436e+03 2.370796473743213028e+03 1.210019455935113001e+03
1.816757162151240209e+03 1.606392522700212112e+03 1.159831690487900914e+03 4.179628167104054910e+02 3.272344986631649135e+02 1.286777896499092549e+03 3.008407271576526909e+03 4.880327563539666471e+02 2.263411190682697452e+03 1.386570832653692378e+02 1.102645524101234059e+03 3.190315434003023256e+03 2.166134045153350144e+03 8.769061709128168332e+02 2.326761489669903767e+03 1.496040026508014762e+03
1.314296799396845927e+03 1.023560305572066795e+03 1.316063091247106968e+03 4.094941885917594846e+03 3.794206629728608277e+03 1.109755289010667184e+03 2.665410712917630917e+03 1.209121987727470469e+03 1.340456680784978289e+03 6.010710175476209542e+02 1.676468638522577294e+03 1.121392368908650496e+02 2.104684959631496895e+03 1.811745833816654340e+03 2.116559593744952508e+03 9.325139264625822761e+02
1.676449419921927301e+03 1.462004058053887093e+03 1.173700181314744441e+03 3.401148810985804403e+02 2.731364747297302529e+02 1.274924733147901179e+03 2.677741631125170898e+03 2.041733245944810733e+03 1.781904400071542113e+03 2.500777896114407667e+03 1.367239113139597066e+03 2.416937080402470883e+02 1.685278836208743996e+03 6.994814331698631804e+02 2.075645906415215450e+03 1.012990053690997684e+03
2.306741988517267146e+03 1.593461078186036275e+03 1.498603952782282249e+03 3.821053588189179209e+03 2.781941613884385333e+03 1.474849573737237279e+03 2.583807139751952036e+03 2.049617724957206519e+03 1.688654521368017868e+03 2.091807617109609964e+03 2.447409877903904089e+03 2.786002750948950052e+03 2.854672214360960879e+03 2.077867458220720891e+03 2.262233015716216414e+03 1.192198815664414269e+03
2.919366939061646008e+03 2.277541599314336054e+03 1.317355279588252415e+03 1.314167621608577974e+03 8.503252042211107664e+02 1.580967141240767432e+03 2.925097497183774067e+03 9.525944862999652969e+02 7.719477983960734946e+02 7.512373596228947008e+02 9.928395738478657222e+02 1.260434776546481544e+03 2.050481084500785983e+03 1.149721573307775770e+03 2.170032538614714213e+03 2.217697343794709923e+03
5.453912293338023574e+02 3.696240079023739327e+02 1.521033848655695920e+03 2.637931716132911788e+03 1.598523880584430117e+03 1.735409140313291118e+03 5.528212809405745247e+02 5.513919521872518317e+02 5.764915447970954574e+02 4.990264951714053723e+02 1.254859279476139136e+03 1.788867526536735113e+02 4.648570409398230368e+02 7.206951674382398778e+02 5.404300090835647552e+02 6.575055193635694195e+02
1.927405978973356468e+02 1.721629426296929068e+02 1.147140243702861881e+03 1.205174876013506946e+02 9.993197463073977360e+01 1.271111738238966836e+03 5.720412503284962895e+02 5.022084871553570338e+02 5.267228815615354733e+02 4.569891650489114454e+02 5.291670168169154067e+02 3.070675927188923424e+02 5.937983791156722191e+02 5.567003525301214495e+02 5.444546383144856918e+02 6.233187836746351422e+02
1.990460191296739595e+03 1.535122703994657741e+03 1.328590244128219183e+03 2.996443896889862117e+03 2.082641118870683385e+03 1.476689339530410962e+03 2.524797663715342424e+03 8.357791640348575584e+02 8.421866925186739081e+02 6.491105617642126617e+02 1.223140781702657478e+03 1.043347837311534249e+03 4.420786078845281963e+02 2.591955248314521668e+03 2.188257855626027776e+03 1.084559808297131667e+03
3.904359946738189592e+03 2.605837582456932978e+03 1.563097293292070617e+03 7.052609376083294137e+02 3.558174429355385655e+02 2.053052504237876747e+03 3.204545641661722584e+03 2.380822538805990007e+03 2.376987818227757998e+03 3.042488701433540882e+03 2.029393073686249863e+03 1.920150328361435641e+03 2.301723349027951372e+03 9.171705258651818440e+02 2.395202085065602205e+03 4.512745649772618322e+02
1.771616122672278607e+03 1.503128948623626002e+03 1.206370148545677239e+03 5.710442349771711861e+02 4.281306293426640650e+02 1.364141347632481938e+03 3.082848164189707859e+03 1.147341825816870823e+03 1.945516041871033622e+03 6.719665241277618861e+02 4.579590470933886763e+02 3.112065937787540861e+03 2.111458064484336774e+03 1.173902847174949329e+03 2.393623872206056149e+03 1.275164339584011714e+03
3.992652738089866034e+03 2.700910531874653316e+03 1.547627646183147590e+03 3.777324033688009877e+03 2.435150678578479983e+03 1.620331301552228297e+03 3.082972689238162729e+03 2.055715530419497554e+03 1.896888609834958515e+03 2.623016741806407481e+03 1.779396071589274015e+03 1.241949986287035017e+03 1.906036186278411606e+03 2.866283142302091619e+03 2.659746322649721151e+03 1.124631575152694268e+03
1.755036172325295638e+03 1.550759459124723207e+03 1.158808090595701060e+03 3.195963042622745434e+02 2.596339377206526251e+02 1.258919519817626679e+03 2.654974927278391533e+03 1.774988668277477700e+03 1.939038256247588379e+03 2.479398723340583274e+03 1.073997428831098887e+03 1.278061824386353692e+03 1.581755655833803758e+03 6.004744195889949196e+02 2.165730043685999590e+03 2.458563329139996085e+02
4.021092856068624769e+03 2.340106610676803029e+03 1.787077881609904352e+03 3.917673888317088313e+03 2.214331137506950654e+03 1.886306505828844820e+03 3.091127037033013949e+03 1.056802501739147601e+03 1.095579407151181613e+03 8.512847040253144542e+02 1.537220830982580537e+03 7.612266293087839131e+02 2.125356279367420029e+03 2.567055870841963952e+03 2.499276571513119052e+03 2.289459118152996780e+03
1.850381757433707890e+03 1.602921379164419250e+03 1.181542500667318109e+03 3.887597410507914901e+02 3.068161507755246475e+02 1.295362927313304226e+03 2.735440999281548557e+03 1.992330784166735157e+03 2.125552158828907523e+03 2.597674761093143388e+03 1.472720935969142374e+03 1.409449367823204284e+03 1.765724652342467380e+03 7.514013563191106186e+02 2.250751482118384047e+03 1.033852881090588426e+03
1.700697840668520030e+03 1.508636197693017721e+03 1.154257604586009393e+03 3.123109235072624870e+02 2.527846244552537200e+02 1.261549660062713883e+03 2.702975111662383370e+03 1.901778491477537955e+03 1.910451791951046289e+03 2.512763428702009605e+03 1.467859095100765444e+03 2.995024835473290068e+02 1.686011670916642061e+03 6.141164671825205232e+02 2.052538838298264636e+03 3.074814479430506253e+02
3.849733483835629613e+03 2.049383984531491024e+03 1.956915903278033056e+03 4.044696282545281065e+03 2.298131959973657104e+03 1.850195706147465216e+03 2.805905912868816813e+03 1.007080941470467678e+03 1.123585444196566868e+03 7.386638841608122448e+02 1.555430256904301132e+03 4.423644194164788814e+02 7.965773398272245913e+02 2.898546471650539843e+03 2.469633568857296723e+03 1.418933193889446102e+03
1.447572766502499690e+03 8.988304793227998744e+02 1.738158887525000409e+03 1.392855505617833387e+03 6.035119191175003834e+02 2.458149907299166898e+03 2.421601926879333405e+03 2.110408631679999871e+03 1.759577044867000041e+03 1.945801831593333191e+03 1.747834541411166811e+03 2.245324648365500252e+03 2.114031408191166520e+03 2.094778958272666387e+03 2.028053101681000044e+03 1.635638126033712069e+03
1.467000902879252408e+03 1.162465733805112905e+03 1.291527045978613614e+03 3.909599525588286269e+03 2.943508970631264674e+03 1.365199505119961032e+03 2.627915111028760748e+03 1.115159154020469487e+03 1.235942955497332832e+03 6.096680668950706377e+02 1.548323490300590493e+03 1.557715585696129210e+02 2.143424869387072704e+03 1.736137667489552541e+03 2.096256611446412080e+03 6.397589999990746037e+02
2.995339045090935997e+03 2.185459644436374219e+03 1.409820476416234214e+03 3.517450205086662208e+03 2.257028788972231268e+03 1.614831031364357614e+03 2.665516980932561182e+03 9.528675873819953495e+02 8.329236969129253794e+02 7.638694229950540375e+02 1.287592487306621933e+03 1.191080406325175773e+03 7.312839090790507726e+02 2.782117036163867397e+03 2.389210372341105085e+03 1.214013768943750620e+03
1.920469289147365544e+03 1.659812443748156511e+03 1.193081725608535180e+03 5.958443447776081712e+02 4.471103064653628394e+02 1.346514034976290759e+03 2.944826844670178616e+03 6.668700319344907257e+02 5.458347709079358765e+02 6.913550844517505993e+02 7.565668738482297613e+02 6.600367702332439421e+02 2.115556327109483391e+03 9.216343724511677920e+02 2.375871801260274424e+03 2.160091977595890512e+03
3.167314594814877637e+03 2.132602117684124551e+03 1.533582218003001572e+03 4.375434332541044569e+02 2.350014017925607277e+02 1.925544911828552813e+03 3.033407892635088047e+03 2.227929658163110616e+03 2.129977491362674755e+03 2.913723611682123192e+03 1.790989115616876916e+03 1.551589146292127225e+03 1.996627381027518368e+03 7.790925161851795337e+02 2.019091458851200741e+03 3.411983926891129499e+02
1.641163003059066341e+03 1.439868352790155541e+03 1.166417292944941892e+03 3.174356936976481620e+02 2.590266927241527810e+02 1.254921827923346200e+03 2.559531592753891346e+03 1.906142615905377170e+03 1.091906820366721377e+03 2.379724289572179259e+03 1.161769480559669319e+03 2.949126864596702262e+02 1.422813251188593540e+03 6.116811698572707883e+02 2.036028776440525235e+03 4.883765201449585334e+02
1.915010809890620294e+03 1.689333253701796366e+03 1.161676786460237963e+03 4.185857518611625210e+02 3.275088267562216515e+02 1.296484022336327826e+03 3.066968414542138362e+03 1.042569704974390788e+03 2.338681165312311350e+03 1.986410405189180892e+02 1.157040297596327719e+03 3.214207826534746346e+03 2.340809481106209205e+03 7.552007936003490158e+02 2.530954390356696422e+03 2.684412814512911609e+02
7.773198293037494295e+02 6.535073868449047723e+02 1.245700309606580049e+03 5.442005923060290797e+02 3.614006637151339874e+02 1.527296677219816274e+03 1.896499058256847775e+03 9.595513906214875988e+02 8.668728692002904381e+02 8.129960461888748569e+02 8.516249937087378612e+02 1.765548139839862870e+03 1.649565080308339475e+03 1.018669567164452928e+03 1.268898420008339826e+03 8.683156261666534874e+02
1.503932028614913406e+03 1.395618955644719563e+03 1.103012454415103093e+03 2.008463637902675600e+02 1.709258157859413814e+02 1.201925327034700331e+03 2.642526321712163735e+03 1.527789417164776751e+03 1.714137713576409624e+03 2.473604843115325821e+03 1.151392977198109520e+03 1.174273607421021552e+03 1.623311683152781825e+03 5.975006515707332255e+02 1.689517781748370453e+03 4.280101270839728613e+02
3.501138556284522565e+02 2.764266899600190754e+02 1.308098837648361723e+03 2.125047931718172549e+02 1.424730682328990952e+02 1.531538070857319099e+03 1.258486628384262076e+02 3.109601441906952459e+02 4.286883637543671739e+02 4.317199813905986048e+02 4.892397421002526698e+02 2.885191798995680301e+02 3.608352176722222566e+02 2.750462307844513816e+02 2.301903663263374256e+02 5.592738040764833158e+02
3.999248455073846799e+03 2.961318812836383586e+03 1.402350978811212826e+03 4.083059695875273064e+03 2.973960846865558779e+03 1.439195970080091456e+03 2.943076100578375190e+03 1.367381571359908548e+03 1.056555175336842240e+03 1.052361422506687859e+03 1.552528524604347922e+03 5.084290180902012253e+02 1.029022406978821436e+03 3.054430345131007925e+03 2.627990318298626335e+03 1.424064867557483012e+03
3.888678347178372860e+03 2.884357273558498036e+03 1.385514019335641933e+03 2.716142911391788402e+03 1.647631008243680981e+03 1.704705965695028681e+03 2.619614704651743978e+03 9.123916226107938883e+02 7.843412608644665625e+02 7.458829719401849161e+02 1.205668081175958605e+03 3.787572545346108654e+02 7.264745180956406330e+02 2.690497175080558918e+03 2.337938626831314650e+03 1.207696243696907459e+03
5.954053359337706297e+02 4.728856103398710502e+02 1.308425950038337078e+03 3.828794026460417399e+02 2.563633377111209484e+02 1.549600339702763449e+03 5.797878465559497272e+02 5.575389503290482480e+02 5.601257407025444763e+02 5.029409909831153982e+02 6.336739380411653428e+02 9.071947115911626724e+02 3.598581245770702708e+02 6.308344799715169984e+02 5.553463747260921082e+02 6.491380978975491871e+02
4.060283463010944160e+03 2.819529489510057374e+03 1.501163548937466203e+03 4.065453162324106415e+03 2.942660717731375371e+03 1.467016255436650454e+03 3.427789051365416981e+03 1.702840149241327254e+03 2.558315168330072538e+03 1.626575440921690870e+03 1.774129589965470586e+03 3.302362695252313642e+03 2.648008313762369653e+03 3.252380459744421387e+03 3.158854618415987716e+03 1.877938296283458612e+02
1.426295284478289204e+03 1.337855116985852419e+03 1.090753102578728431e+03 1.942291368676108050e+02 1.669443352056192680e+02 1.190060922651075089e+03 2.793335270905684865e+03 2.120853228746157583e+03 1.665922850688678409e+03 2.649397678341146275e+03 1.588625569253562844e+03 1.281240563761587509e+03 1.534973332977110658e+03 6.160256180232473753e+02 1.019301835545401104e+03 4.108445848797027224e+02
9.788452428269911252e+02 7.851154270984050072e+02 1.283131964402586163e+03 2.444332856474138680e+03 1.728037603304741424e+03 1.486321345248275975e+03 1.887394538639310213e+03 9.765504876714310285e+02 8.487095550311639727e+02 7.136682838229911567e+02 1.325462670179396810e+03 1.323985894819117902e+03 1.176608742159922485e+03 2.037063405117155071e+03 1.664437831245808411e+03 6.620595733538128798e+02
1.817043719061722641e+03 1.398287874167281871e+03 1.331969809225758809e+03 3.256551665352219061e+03 2.272802148164858409e+03 1.470311696810311787e+03 2.467446583925950108e+03 9.632283984473456258e+02 9.472579375609855106e+02 5.833727579625584667e+02 1.326137164511373157e+03 1.472685381840810805e+02 6.537425827716990625e+02 2.506565991590918657e+03 2.150810758076108414e+03 1.087733350590895043e+03
4.067879978374443908e+03 2.838462792128799265e+03 1.514301963969474173e+03 3.941102326918340623e+03 2.261374422231958306e+03 1.838820814237587456e+03 3.261639996457521192e+03 1.520902688780757217e+03 2.373514898758478012e+03 1.353860749055885663e+03 1.699120309318940599e+03 3.175801814830454532e+03 2.389464682610813270e+03 2.917714546712763877e+03 2.799465063168810957e+03 1.691273710278926501e+03
1.951635016746841075e+03 1.662773102012725531e+03 1.198701904846570415e+03 4.890281786496391305e+02 3.735993693799634912e+02 1.331637728047833889e+03 3.034871524885378676e+03 2.940901396182309327e+03 8.383462929717445604e+02 2.924545143275271585e+03 2.772958517323826982e+03 9.798799611978374742e+02 2.583476812664259342e+03 9.151922813392061471e+02 9.723274811854715836e+02 8.971567689702987991e+02
3.994629702819745035e+03 2.564091800596870598e+03 1.614142431113635894e+03 3.498785833553282828e+03 2.036003913433045454e+03 1.793697112931445417e+03 3.272288931589790991e+03 1.211697033291453863e+03 2.496242630907563580e+03 1.041159688152811441e+03 1.489530561718591571e+03 3.260273249434797435e+03 2.440569851552345881e+03 2.949402845621085817e+03 2.932199774312218779e+03 1.792903173452037890e+02
2.874601235782227377e+03 2.258428801616480996e+03 1.306723243057090258e+03 1.182593136659714219e+03 7.828108085203493829e+02 1.543143599330110419e+03 2.978352691970073465e+03 1.074354896624553703e+03 7.423612278044918185e+02 7.965431272773897717e+02 9.284726954632598108e+02 9.124407603891365852e+02 1.913266721518646136e+03 1.041947907549812044e+03 2.561963905131677166e+03 8.675822214644832684e+02
4.071418273702655824e+03 2.767059927504100415e+03 1.572576932115141972e+03 4.093114942830400651e+03 3.696183119197949509e+03 1.160625053430599564e+03 3.439692674372238798e+03 2.316939977890378941e+03 2.377560192832965186e+03 2.142431286391562026e+03 2.435275531626972224e+03 3.094538975225551440e+03 2.877939994380125881e+03 3.164697403970030791e+03 3.024127780473186249e+03 2.106836221398107682e+03
1.905421667438296708e+03 1.667144374330664505e+03 1.170747478661376817e+03 4.399126983198618746e+02 3.417588629979935604e+02 1.308932872804667340e+03 3.099401499968260396e+03 1.199180195859230025e+03 2.340173313706146018e+03 1.282266165659836815e+03 1.151509838596449981e+03 3.229441621372925511e+03 2.423292355920582850e+03 7.977365616023495249e+02 2.596659077757993600e+03 1.995674681957164012e+02
3.096371547140148323e+03 2.274634700443570182e+03 1.398540725255319103e+03 2.906029020948197285e+03 1.868199074127705899e+03 1.609801076900555017e+03 2.739728794567529349e+03 1.011992307342162803e+03 9.591875853353649291e+02 9.101684185631345372e+02 1.216329756422849186e+03 1.918401753376826491e+03 1.535661175035652377e+03 2.838271757001391052e+03 2.486949333247826871e+03 7.774385932311673741e+02
1.679842785858133766e+03 1.549718645823478710e+03 1.109826972368654651e+03 2.201971034805503677e+02 1.828885767678835919e+02 1.233971996734174581e+03 2.780391343806298664e+03 1.751149284543031854e+03 1.975446364032930887e+03 2.685004098370017346e+03 1.483896343594474274e+03 1.489029760144161401e+03 1.815331403075756043e+03 6.290976911282267565e+02 1.879835208328632916e+03 3.841209810121542318e+02
2.450112323303348148e+03 1.869332282897957157e+03 1.343879067061577871e+03 2.544345192433313059e+03 1.699826411089215071e+03 1.543830731734392430e+03 2.586582115237031758e+03 7.692748671897181794e+02 8.223475758688924770e+02 6.590720128598992460e+02 1.164780076367451784e+03 1.234470161750964962e+03 7.181140292963473257e+02 2.668487099553633925e+03 2.238666843521879400e+03 1.122920608601867116e+03
3.263466506306641350e+03 2.044142865840241939e+03 1.647196223853118909e+03 6.564327792079262736e+02 3.287249881055123524e+02 2.074483966105029140e+03 2.949739228041449678e+03 2.255724906158954127e+03 2.173105428628047321e+03 2.788042755728774409e+03 1.549692403489938897e+03 1.464708877509495778e+03 1.980144098153642972e+03 8.571902593850888934e+02 2.428170595075653182e+03 1.146945735539959969e+03
4.044770590245456333e+03 2.182093401900867320e+03 1.944908749826111261e+03 4.094984379000020454e+03 3.829812888158719488e+03 1.102519277051463632e+03 3.207405486411159472e+03 1.564748040451582028e+03 1.639963543139327840e+03 9.851848190369828444e+02 2.006124729079088866e+03 4.047951434032576117e+02 2.397632647527626887e+03 2.733298173648428929e+03 2.674844684618634346e+03 2.039169957410671941e+03
2.796884233830075573e+03 2.155639279337758580e+03 1.330966621992839464e+03 1.435310348603332386e+03 9.289865767679151531e+02 1.585243079058936928e+03 2.921562523444778435e+03 4.761119186024857299e+02 7.538069427648873670e+02 5.866772242463749762e+02 1.026401556551242038e+03 4.207488299249034753e+02 1.970064739358002953e+03 1.141520671640515502e+03 2.107597587712751647e+03 2.217023385963040710e+03
1.882483079472431882e+03 1.652063048426794467e+03 1.167697228686262633e+03 4.347892439432216634e+02 3.407274523409038238e+02 1.296627029155631135e+03 3.082681051493812447e+03 2.164901672805294766e+02 2.366459947225029737e+03 1.206196138828898484e+03 1.154524480126467324e+03 3.220979311483912170e+03 2.387994646527939040e+03 7.770870430452196160e+02 2.556954466198018963e+03 2.620589110444518610e+02
6.692371514567319082e+02 3.593200884536768172e+02 1.926546625981971829e+03 4.934405083778257222e+02 2.093232230060957590e+02 2.483208793472676916e+03 6.142579652216813884e+02 5.919058450506371400e+02 6.234781215470354709e+02 5.094520505725631665e+02 7.627815273156858211e+02 4.614453415848828399e+02 5.022119157408053525e+02 7.437023928249176379e+02 5.983884192959437769e+02 7.595888897771268375e+02
6.880869556076904701e+02 6.015644604171102401e+02 1.180330906224486171e+03 1.171702632024788272e+03 9.313403377704353261e+02 1.310606519922611824e+03 1.949573229499395211e+03 7.296141672285864388e+02 6.470926574228116124e+02 5.704286202982186751e+02 8.984146658400243268e+02 6.900428543150349014e+02 6.930331645513180092e+02 2.120403273107739551e+03 1.659573006887847441e+03 5.655857587323321241e+02
3.676532406078343229e+03 2.087258814395481750e+03 1.817012048474015501e+03 3.696354628354723900e+03 2.152441757692194187e+03 1.791711940694243140e+03 3.186021875472150896e+03 6.390747603333751385e+02 2.208457564608422672e+03 6.922435409882506292e+02 1.374397527423054726e+03 3.082924021116295989e+03 2.040500145631076066e+03 2.668706508855862012e+03 2.608949896992078720e+03 1.563637874887808266e+03
1.249921343256772161e+03 9.756065812946314963e+02 1.313917670859426835e+03 4.094426636344621329e+03 3.750963029741784794e+03 1.123896570364104036e+03 2.698716574904072786e+03 1.300248193568428405e+03 1.305792743522564251e+03 6.736745482564705299e+02 1.666623393481146195e+03 1.176890149653805793e+02 2.111701070687722222e+03 1.950092583882655163e+03 2.210899804939668684e+03 2.305926659997466004e+02
2.040113113247474303e+03 1.532515748617978943e+03 1.364948621186679702e+03 3.847187128896047398e+03 2.670022259147636760e+03 1.485232161026246558e+03 2.563012708468897017e+03 9.075772522843752768e+02 9.297877737158112268e+02 6.628719561979851278e+02 1.357602580142159013e+03 1.064367642514140243e+03 5.429217208990795598e+02 2.647500363774605376e+03 2.266135240191044431e+03 1.143120031037719855e+03
3.940615056925320459e+03 2.695590800290659899e+03 1.519259662758791364e+03 2.743982085043405277e+03 1.810760962486046310e+03 1.567851139286813350e+03 3.005068889874723936e+03 1.956429976454064672e+03 1.905206741719120146e+03 2.651601417031871279e+03 1.699062049261593529e+03 1.290115547388532377e+03 1.804212709254560423e+03 2.728503796166484790e+03 2.460412182933515396e+03 1.132047139064248086e+03
2.092829829031613372e+03 1.848290374982226695e+03 1.159461288001100684e+03 3.182020605713762507e+02 2.472374973012244936e+02 1.317638815683705616e+03 2.871624622297891165e+03 1.917457222180907593e+03 2.234641275064044748e+03 2.699018750335951154e+03 1.742626078551319551e+03 1.657284184820006203e+03 1.999950371384679102e+03 6.900921316180711074e+02 2.191078645904686709e+03 3.312789154221406989e+02
1.398127084557059788e+03 1.088593437084892003e+03 1.315117930852218478e+03 4.065490264498407669e+03 3.476516155839750354e+03 1.212301160616428660e+03 2.612843126755041794e+03 1.316881075358408452e+03 1.275891558266263246e+03 7.855218648972881965e+02 1.627785398905391958e+03 1.226636961745397684e+03 2.190558279581517127e+03 1.867868805562156012e+03 2.175482068247342340e+03 6.722707493703633190e+02
4.065844430726002429e+03 3.104650579742886293e+03 1.369825031070600517e+03 1.390853631774077940e+03 7.209945237185459064e+02 1.993782702668072034e+03 3.250136768099050187e+03 2.245226200771232470e+03 2.297979947107902262e+03 2.876299424546891260e+03 1.888327668767966315e+03 2.008327595632455314e+03 2.398162739610117569e+03 1.225049682223910395e+03 2.570369377090621583e+03 2.014352917719598963e+03
3.974115062221256267e+03 2.771187688399760191e+03 1.506558547627341568e+03 4.038317080165050356e+03 2.683692613911917761e+03 1.594594790109206997e+03 2.986234008467915828e+03 1.455076174727082616e+03 1.127052895600084639e+03 1.223748835545042539e+03 1.578698914390872460e+03 1.839523992186769192e+03 1.735139423989039415e+03 3.054055007155440762e+03 2.691317803695097609e+03 1.282950813599311914e+03
2.779051832505947914e+03 2.038734455739257555e+03 1.401417074605243897e+03 3.909514916391881343e+03 2.611770784088614164e+03 1.553612793537994776e+03 2.577614387161932427e+03 9.251444022809497483e+02 9.414659216064192151e+02 6.330877839358942083e+02 1.391608342378053067e+03 1.640393378984898618e+02 6.518410667969449150e+02 2.657680068062538339e+03 2.294017303470284332e+03 1.179640889165205408e+03
3.966448746449031205e+03 2.332071103016612142e+03 1.782428375056004143e+03 4.094302154360258100e+03 3.546877874467964375e+03 1.201319001920266146e+03 3.327414121620787682e+03 1.341286125882418219e+03 2.331715722156289303e+03 8.692886440225172464e+02 1.851955828121764853e+03 3.052947586121503264e+03 2.308087124501887956e+03 2.931422048067871401e+03 2.806383038687710723e+03 1.861407011772949772e+03
2.456367198246330190e+03 1.852037265993122446e+03 1.360577380962632560e+03 3.097322154995722485e+03 2.060638537827421260e+03 1.547074543941625052e+03 2.564266542215281788e+03 1.077193917051143217e+03 8.696835488118077819e+02 6.465292341165650214e+02 1.296359369081483692e+03 1.930052599069400685e+02 6.539430175389559281e+02 2.636437350120582323e+03 2.226313876478416205e+03 1.146066701958947760e+03
5.432272949355301535e+02 3.900755789667291538e+02 1.449911459799100612e+03 1.548517142222955044e+03 1.026459449412526510e+03 1.586617676584087576e+03 5.451706768267515599e+02 5.262671252421438339e+02 5.699034934376236379e+02 4.935798875311464826e+02 1.030899610759866391e+03 2.955651068942579514e+02 4.539115483516021641e+02 6.566312137538074012e+02 5.305991893942989464e+02 6.429286872815849847e+02
1.788370343975659580e+03 1.523138895321435484e+03 1.202367211860768066e+03 5.650221647638061313e+02 4.264885736314851670e+02 1.352106843153923364e+03 3.076412295510516287e+03 1.618589581550975254e+02 2.142342784534256225e+03 1.116553139322103561e+03 7.535975920856501489e+02 3.106140582592322971e+03 2.087942336837805215e+03 1.143733510421672690e+03 2.397678971980367351e+03 1.354183400637863087e+03
3.240173108587478964e+03 2.518441150752806607e+03 1.320352229746120884e+03 2.379596376610006701e+03 1.631233407344461057e+03 1.504515030617709954e+03 2.632414567640983933e+03 1.009446422362954308e+03 7.021944596776812659e+02 8.758184100628218403e+02 1.139197466737720788e+03 7.686627444593652854e+02 7.433137983890593432e+02 2.742469131276379812e+03 2.310346261322099508e+03 1.132456798937801295e+03
3.963379166526135577e+03 2.979244316916327534e+03 1.367577531263833180e+03 3.655442289260914549e+03 2.204368623457629838e+03 1.717397912641004950e+03 2.698343959183374409e+03 1.062187424837916979e+03 8.310232243636468183e+02 7.903787602209322358e+02 1.330090706214380589e+03 5.040755039007057121e+02 7.637073488563464707e+02 2.751947453921542547e+03 2.406360773473937115e+03 1.275622521318618510e+03
2.299545708803972047e+03 1.735624712610713232e+03 1.356931174891710953e+03 3.249335434428539884e+03 2.170961650303626357e+03 1.538232416491341382e+03 2.577432395936319608e+03 2.492772546571915200e+02 8.864569885672044620e+02 5.780676140707662398e+02 1.286793668028907859e+03 1.919082472144655185e+02 5.324167763841487613e+02 2.642174078845758231e+03 2.202515108738005893e+03 1.134322430575770341e+03
2.575273667793446748e+02 1.907142461012117565e+02 1.386461454109722581e+03 1.616819260551590105e+02 9.487761603059675508e+01 1.744987902305214675e+03 5.772974415553835570e+02 5.658469379915893569e+02 5.372249338761167792e+02 5.042262374826490259e+02 5.479310902543782049e+02 6.623611283568726549e+02 4.496485653063082282e+02 6.550083416905640661e+02 5.634984778194509545e+02 6.351086950620816651e+02
2.265880623058409583e+03 1.914922868956039565e+03 1.212625037816513668e+03 6.921601105662082318e+02 5.215008508171247286e+02 1.352324076079510860e+03 2.553079674750000322e+03 2.138401087454357821e+03 5.955261402459859710e+02 6.825558954836642442e+02 7.559624971239140905e+02 8.294123554720924858e+02 1.110049928252224845e+03 1.089477193074671050e+03 2.220266395581575125e+03 2.285586490061543373e+03
1.656131340700529336e+03 1.459283261534031453e+03 1.162071289188869969e+03 3.045050605469177754e+02 2.492883238195864806e+02 1.251879215979068931e+03 2.628106633789954685e+03 1.801587945408878113e+03 1.849178825395594913e+03 2.443316463031395415e+03 9.408028487091985426e+02 1.205384433385521561e+03 1.606137555180016989e+03 6.487624965570338418e+02 2.062108601910366360e+03 9.521524397994456876e+02
2.989757324960918595e+03 2.223960599646495211e+03 1.377506650900694922e+03 2.940045859969598496e+03 1.885555086039952812e+03 1.613514799630862854e+03 2.770398601285177392e+03 9.115206372653015023e+02 7.580500387417653201e+02 7.483082335704968955e+02 1.127379918037782318e+03 4.063190993842209764e+02 6.799885616756633908e+02 2.914180074965892345e+03 2.570220868069484368e+03 1.979963890785143121e+02
3.865628969882181536e+03 2.846731436842048424e+03 1.397178200635983330e+03 2.966635078066946335e+03 1.806479070705613594e+03 1.702695830859483522e+03 2.666607139268480296e+03 1.051301724668758652e+03 8.331896665924612080e+02 8.868470079558708221e+02 1.245441382938772676e+03 1.494047769297907735e+03 1.158213585662963624e+03 2.746012357609971332e+03 2.375609089882843818e+03 1.248937006774927340e+03
1.600930603310599054e+03 1.425005770624712341e+03 1.150137826682752802e+03 2.770888748459701674e+02 2.295255829609139937e+02 1.235492145211983825e+03 2.571302826540896149e+03 1.599773375923428830e+03 1.709600308162210467e+03 2.360536017212275510e+03 9.450071216785639763e+02 3.211770744779917095e+02 1.530272026628852245e+03 6.095919124699985332e+02 1.960429449178102232e+03 6.189376960165096762e+02
1.648139361005298724e+03 1.457468878143302618e+03 1.157272398785099085e+03 3.027389330273801988e+02 2.478496544177135092e+02 1.249170099294782176e+03 2.621647855798816181e+03 1.838789156776491382e+03 1.631249247554922022e+03 2.412443438671167314e+03 1.150147752157853574e+03 1.050473180146062305e+03 7.582653498616160732e+02 6.171260784198299234e+02 1.984648903231818622e+03 5.588492826703450191e+02
4.009413095781578249e+03 2.876877345762372897e+03 1.451853758856987952e+03 2.834625380322861929e+03 1.766095674802022586e+03 1.670071984355723998e+03 3.132198113059227580e+03 1.170676516342600280e+03 2.232906809090286970e+03 8.520735098451409613e+02 1.481464267671085508e+03 3.190832761143733478e+03 2.289783005888514708e+03 2.731984676151682834e+03 2.624715924558324332e+03 1.495594803088335993e+03
2.168937403721875398e+03 1.616101385579062253e+03 1.380010672717410671e+03 3.467922254123208404e+03 2.350689946704463182e+03 1.522395897768303712e+03 2.642221716610267777e+03 1.023197654604274135e+03 1.058798778147008989e+03 7.832909077072207538e+02 1.391095061800594067e+03 1.855025565536026988e+03 1.381385804965647367e+03 2.754884432566963369e+03 2.362773027775446280e+03 1.126615541623955096e+03
1.927132933437444535e+03 1.676316788855778213e+03 1.177639694531110990e+03 5.158568713204439291e+02 4.002794391616669145e+02 1.308994124102222031e+03 3.002440668482222009e+03 8.364663863400288619e+02 5.946540263600994649e+02 7.664956579490756212e+02 8.052686613226890131e+02 8.074687425359451254e+02 2.410523935579889894e+03 7.360840150991581368e+02 2.574735167065555288e+03 6.040302461066542037e+02
3.101724941495775965e+03 1.577992004310744505e+03 2.063723604527245243e+03 4.093320954481151603e+03 3.653607764098999269e+03 1.163239478853415676e+03 2.933382402231005926e+03 1.411033137371872499e+03 1.495049156970606191e+03 8.318683712334768643e+02 1.854430813650038544e+03 3.458827585041227621e+02 2.269510574055486813e+03 2.458451995775902560e+03 2.477545135327704884e+03 1.082240487932992892e+03
6.184535248300187504e+02 5.017946353814272697e+02 1.271291197897751772e+03 3.288282742506113436e+02 2.245375203385329996e+02 1.516905391162463275e+03 5.807908480444325505e+02 5.533019969998333636e+02 5.908423854715997550e+02 4.804742524844233458e+02 7.252547748241391901e+02 1.777412140080807603e+02 5.599752475838619148e+02 6.317408165592923979e+02 5.577727546953474302e+02 6.489011658571776024e+02
2.666686524791241482e+02 2.432948134246566951e+02 1.108362047375602060e+03 5.515571712605717494e+02 4.649646795298965003e+02 1.225533930160076352e+03 8.298602055732619647e+02 7.044238276762073383e+02 6.450324958197484193e+02 5.125087894622837439e+02 8.415221765296863623e+02 7.404827631145687974e+02 6.055196946644285845e+02 1.386623174094486785e+03 9.177650917002221149e+02 5.125455535769594917e+02
1.405609951347490096e+03 1.313130470347219216e+03 1.095021518920288827e+03 1.951308723945842303e+02 1.667722597055922051e+02 1.195139520094933232e+03 2.768799578958118673e+03 2.093469373470568826e+03 1.642198190331861497e+03 2.590647425010516599e+03 1.577745322687142334e+03 3.785456528267933436e+02 1.518981952765248934e+03 6.020933334667140571e+02 1.053954914616930637e+03 4.179740697862737306e+02
2.505011878022294241e+02 1.883416099944902271e+02 1.362644543940415815e+03 1.593006222889976016e+02 9.723346511320016816e+01 1.675889444399006834e+03 5.659453767610286832e+02 5.436714971163781911e+02 5.584266700690762946e+02 4.818134766763570269e+02 6.662216416271618300e+02 1.205705231654100089e+02 5.613941448257751290e+02 6.402016659363799818e+02 5.557108894109649100e+02 6.314327244170693803e+02
1.963661382957526712e+03 1.542521827610128867e+03 1.300098727655847824e+03 3.276975609321207230e+03 2.397075124358143057e+03 1.403661545387241176e+03 2.732593489220481388e+03 1.382299808398321147e+03 1.213796149568102919e+03 8.488214531479031848e+02 1.494056360593340742e+03 9.960625322802546862e+02 2.522813168648573082e+03 1.788632477436597810e+03 2.347397500712366764e+03 8.999268774359368308e+02
1.967384573807632023e+03 1.550590035742325654e+03 1.300208959767006718e+03 2.430990148135841991e+03 1.738362710396195325e+03 1.436545865331207551e+03 2.426381895109842844e+03 7.682548368773896073e+02 8.274479330959654817e+02 5.850993407163498432e+02 1.189132943275361413e+03 2.168130745652034648e+02 5.801442083267398857e+02 2.462243336903591626e+03 2.080731895782078936e+03 1.008084291821784973e+03
1.776912560392615205e+03 1.524565615308791394e+03 1.193082714731457827e+03 5.405343255431598664e+02 4.117911095081199164e+02 1.335570837516304437e+03 3.048120925133950550e+03 2.604909574845557927e+02 2.204372349194374692e+03 2.971565477344257715e+02 6.623569233878517934e+02 3.085001662601341195e+03 1.998367942916901939e+03 1.075205886084352869e+03 2.433448261043797174e+03 3.987092451057434914e+02
1.848126304141210539e+03 1.675580726305058988e+03 1.130088987599103575e+03 3.204693508467773881e+02 2.584623697386319918e+02 1.252319560796990118e+03 2.988201935707971643e+03 9.736289550886343704e+02 2.212399931932277468e+03 1.091349572101837794e+03 1.259807946100512481e+03 3.246523902614150757e+03 2.308643963882376738e+03 7.242791658124007199e+02 2.316557717115401829e+03 1.395349444002401924e+03
1.568284335501755095e+03 1.385771443646845910e+03 1.159369984238273219e+03 3.148033868386552285e+02 2.536358290366594019e+02 1.269262636790843089e+03 2.708542981711708762e+03 2.122267219535769073e+03 1.780278990384309054e+03 2.478427076618017509e+03 1.548177487781261789e+03 1.140084726203869650e+03 1.629442481562709872e+03 6.271548264089268514e+02 1.945473041822073355e+03 5.554052084377836991e+02
5.444051837864828940e+02 3.898563840829000355e+02 1.409235617711286068e+03 3.870933112206016631e+03 2.916506025883199527e+03 1.416635851318897721e+03 6.591989802337795936e+02 6.643033245180715767e+02 6.601940158521917965e+02 5.375099052784390778e+02 1.535096240993831998e+03 2.624967104567621163e+02 5.071789772847384938e+02 1.126971718128111434e+03 6.590746592487560065e+02 7.058131197393043976e+02
3.286873503751819953e+03 2.344885956114949295e+03 1.436244037311011425e+03 3.855621534880950094e+03 2.484461090414222781e+03 1.615848580092854718e+03 2.843680473856057688e+03 1.080255114613132264e+03 8.419649347389525929e+02 8.645317905131212228e+02 1.263345838645219374e+03 4.485986220625009082e+02 8.180368982023591116e+02 3.015611329781016138e+03 2.672027558885399230e+03 2.260837242579226540e+02
1.946182221249011036e+03 1.464626716119094226e+03 1.362732265965979195e+03 3.955830802407600459e+03 2.807764747158615592e+03 1.452820264653200184e+03 2.518962582236444632e+03 9.195782218731976627e+02 9.991177022466888502e+02 6.294794453822802325e+02 1.417387438801604048e+03 1.126993213948065886e+02 6.164469684519995099e+02 2.575442847997149329e+03 2.210538725943823920e+03 1.156195180422402245e+03
3.820936361960741579e+02 3.591053899323868563e+02 1.076845664424642337e+03 3.007643044333137823e+02 2.726849580560757431e+02 1.123684168639213567e+03 1.881756932095292086e+03 4.982736848173773296e+02 4.939622130989394009e+02 4.835446546692211314e+02 5.792815750344502703e+02 5.015689143199115279e+02 5.022203584159341290e+02 1.992613346830863520e+03 1.279363331055673143e+03 6.011950956060474027e+02
2.217110555209269478e+02 1.839738714845498180e+02 1.234632853070580950e+03 1.209934073476522371e+02 8.912800936254620865e+01 1.423581163885979095e+03 5.318687303512544986e+02 5.059496304897227219e+02 5.111978331434279426e+02 4.860367638790603451e+02 4.532447785488049021e+02 9.556659036985828379e+02 3.611058210603283669e+02 5.632082702458402537e+02 5.270394597907700245e+02 6.184692932505287217e+02
1.623651066204391782e+03 1.425049788380078098e+03 1.165864812446077394e+03 3.079366797904074247e+02 2.516703714350991277e+02 1.252439342724809876e+03 2.568893981284929396e+03 1.923463674589376524e+03 9.553607221949830546e+02 2.396130858365007953e+03 1.029301025334076030e+03 8.995707056669772328e+02 1.559086052721233500e+03 6.670674938999093229e+02 1.985499025341579909e+03 8.341911816138215272e+02
4.739912098442298429e+02 3.436112897445439103e+02 1.433107620668293748e+03 8.202851239382030144e+02 5.319195565767466860e+02 1.613446491929635158e+03 5.380761369368669875e+02 5.250552476519095535e+02 5.703090434011876368e+02 4.931257361606292307e+02 8.848817995674767189e+02 2.053996531714476532e+02 4.878483763629236591e+02 6.062979474849872759e+02 5.245567180919711063e+02 6.500480693481025583e+02
2.746586595299269902e+03 2.064813636334508374e+03 1.365560287559526842e+03 2.539068703650137650e+03 1.642590226915479889e+03 1.596697964085578178e+03 2.586239946050843628e+03 6.180064143443089506e+02 8.201880912039905525e+02 5.789642334578543341e+02 1.196175198546699221e+03 1.964317085211910126e+02 6.280795868199768393e+02 2.665006020334155437e+03 2.228583098337301635e+03 1.136511178704626218e+03
3.156890950699998939e+03 2.077649472284210788e+03 1.569776007468421085e+03 6.311584861350875144e+02 3.406574181012874760e+02 1.942943329617543895e+03 2.935525755842691069e+03 2.282135594964328448e+03 1.958957421967133769e+03 2.776988510315207350e+03 1.664257928267718853e+03 3.739120936577028260e+02 1.968123778786022967e+03 8.170122424675498678e+02 2.333663109923391403e+03 8.379066638494052768e+02
1.769432075749906289e+03 1.493822667164518407e+03 1.212294775023229704e+03 5.888023742714133277e+02 4.455947380169276357e+02 1.355323101348445107e+03 3.078899968492692551e+03 3.505360026048745112e+02 1.345754779052331742e+03 5.802162036817388753e+02 2.478501444013296577e+02 3.237829446134134741e+03 2.082314696775721131e+03 1.120627066661996651e+03 2.306173836242038760e+03 1.798544928238142347e+03
4.095620086692870245e+02 3.542407985727440973e+02 1.168827777665906751e+03 9.406312315321706592e+02 7.336525285744993425e+02 1.330716139779682862e+03 1.086486255660842062e+03 1.079816734947175291e+03 1.216259290147968386e+03 7.294823103761417542e+02 1.786582896980475653e+03 1.890434532061844038e+03 1.332383680565717441e+03 1.831065973630921690e+03 1.246934312691575542e+03 7.276426651435778012e+02
2.189351247996226448e+03 1.741289045657547149e+03 1.302722840297169796e+03 9.428996840452832657e+02 6.003703115959435763e+02 1.626477120509433917e+03 2.340564440233585174e+03 7.454985836109385673e+02 6.249385488555134316e+02 6.235282327390602859e+02 8.650623169131413306e+02 8.842971671963849758e+02 8.226190442572471966e+02 2.177899979586698009e+03 1.758470924792452934e+03 6.961144557868235552e+02
