1.319892586106092267e+03 1.531770494537563309e+03 7.924450004169987096e+02 2.251663747810729546e+03 4.339894921191817048e+02 2.612344591777241931e+03 2.228046701692932402e+03 1.666875823534323899e+03 1.141086481527892374e+03 1.037006421482779615e+03 1.956368276207168265e+03
1.889058362937754964e+03 5.999741898063153940e+02 3.109184368881312253e+02 1.982001160008520401e+03 2.182947872111317338e+02 2.227231204234086363e+03 2.509324149931047941e+03 2.069515116363380912e+03 1.089071558036605893e+03 8.240049300370178571e+02 1.626892191691421203e+03
2.802138257949553918e+03 1.899761011257744030e+03 2.118945026005475029e+03 8.758859701097084098e+02 4.471990256106281549e+02 2.108174731713659639e+03 1.772302587398694641e+03 8.839249456843850794e+02 5.901677529791464849e+02 9.367780630718966677e+02 2.112072289156726583e+03
1.464513519178162369e+03 3.457547683921860653e+02 1.596908404945006055e+02 1.515835045063936832e+03 1.230533431146498060e+03 1.396011108782367046e+03 2.648276881156911259e+03 2.315291343533858708e+03 4.208572626269710781e+01 7.365996646405785668e+02 1.526830643470979339e+03
1.650296943582972062e+03 6.381199210728087792e+02 5.200103088631867649e+02 5.280180405103637895e+02 2.748515282085326703e+02 4.507113920992576368e+02 6.580339064954428068e+02 6.138903877904485853e+02 5.854524221801402746e+02 6.901698546290535887e+02 2.683290460274741690e+03
2.795652576577405853e+03 5.646842088793200674e+02 3.148412127278457433e+02 1.553926472888834496e+03 1.091569975908223569e+03 2.094219079503093326e+03 2.897153280560578878e+03 2.180805481680806679e+03 3.573242389121105589e+01 7.962952348175660973e+02 1.137811582866731442e+03
1.853665772184748675e+03 4.002028500045707005e+03 2.083245303969462384e+03 1.011893957619872594e+03 6.036424539650926135e+02 2.429053761451045830e+03 1.729879707596853677e+03 1.128601462015368497e+03 8.597625613029056240e+02 9.899605811048293162e+02 2.089419265291105148e+03
3.794934500167985789e+03 1.013180747223159869e+03 5.788243688993807154e+02 2.210609491753447401e+03 1.705950050488285797e+03 2.208758263210991572e+03 2.840908515651210564e+03 2.732049545607547770e+03 1.299818243016903807e+02 2.086642073375788641e+03 1.967976304274700851e+03
1.351332206521671651e+03 2.521893944511000427e+02 1.168767493744348940e+02 9.761362089556311048e+02 4.304795258380237897e+02 1.601118878597535968e+03 2.540737926216295818e+03 1.563673314853635475e+03 6.071584071345671418e+01 4.560686904201530751e+02 7.065820205982354310e+02
2.343284305317323742e+03 8.057727272726372121e+02 4.015433104630242269e+02 2.039966981131932016e+03 2.688329759862487549e+02 2.232787735849015462e+03 2.699471483704895491e+03 2.146076543739287445e+03 9.897062607200234652e+01 9.045711835333954696e+02 1.745017152658673012e+03
4.009249559765848971e+03 3.882361343945411136e+03 2.229258294005597236e+03 1.277891385504015489e+03 9.161172078608071843e+02 2.409123054166417660e+03 1.942334014228373235e+03 1.415013312671698941e+03 2.051153342255041935e+03 1.693537226174650641e+03 2.907131647531277395e+03
1.366254405990198848e+03 1.554450917724406963e+03 1.229808784585756712e+03 1.110328919733340626e+03 6.334774906401155476e+02 2.195686238699667683e+03 1.363053237147216805e+03 1.183983563144926393e+03 1.547159528810171878e+03 1.354969957081482789e+03 2.599808236690809281e+03
2.120587036001561501e+03 5.053287453222141039e+02 2.795786485438650857e+02 2.022289302765522734e+03 1.430069594391434521e+03 1.661521441782525471e+03 2.108647253645313867e+03 2.431787517742706768e+03 2.416957288485122035e+02 1.647430169039387920e+03 1.697316529743211959e+03
1.049129869086596727e+03 7.241747650790359785e+02 7.797160067464658368e+02 7.664711268169575078e+02 3.435939281985773164e+02 1.895069954220553427e+03 1.111105292747480235e+03 9.013402939523010673e+02 1.954018151152222799e+03 7.319505260620956051e+02 2.621244237410751339e+03
1.065971947336517587e+03 8.424947939075914292e+02 5.897000258153453842e+02 1.708383787970024741e+03 2.966006367782840130e+02 2.596381378538914760e+03 1.978165046037394404e+03 1.163774890284837056e+03 2.776945185440781643e+02 8.857616384131844143e+02 1.628345925479742618e+03
3.199779471443927832e+03 1.227651192715052275e+03 4.935409284371166905e+02 2.311261209541610697e+03 4.178026328813950840e+02 2.278296347619500011e+03 2.557523903790927307e+03 2.558295951697523378e+03 1.526797980798520484e+02 1.030437691774721088e+03 1.925630406809829310e+03
2.933113104272754754e+03 6.902194011315607440e+02 4.088934271651379504e+02 1.879263143369565569e+03 1.317626972080559199e+03 2.163677475737021268e+03 2.686512487925950154e+03 2.313615565061412781e+03 1.117825674991951928e+03 1.134887079711104207e+03 1.576319028563524625e+03
2.612470342706321389e+03 1.496048989455257242e+03 1.501635325131639320e+03 8.613170035147404633e+02 5.734468365554342881e+02 1.690375219683650585e+03 1.326481546572841580e+03 1.098448813708268062e+03 1.906356326888857893e+03 1.520778339191706891e+03 2.751218145870059288e+03
3.770934948096568405e+03 9.521243367935569495e+02 5.741042675894095737e+02 2.084482352941015051e+03 1.554301499423524092e+03 2.252373933102617684e+03 2.709299423298648435e+03 2.516974394463676163e+03 1.436430219146268428e+03 1.508243367935546758e+03 1.899585928489075741e+03
3.109050781862593794e+03 3.793662046963527700e+03 2.098804246639632765e+03 1.000544741383641394e+03 6.419632864390007398e+02 2.171886407614600557e+03 1.766329585272670784e+03 9.850171016160323916e+02 7.267452539093246742e+02 1.059136865226711052e+03 2.134993567282135245e+03
1.503139776709311718e+03 3.252595415456751198e+02 1.479708152203221516e+02 1.331558628085367900e+03 1.071185047588335919e+03 1.890377065818927349e+03 2.681278078860077585e+03 2.098297094927142098e+03 2.838974319636429300e+01 6.332223137173459691e+02 1.186666538999335444e+03
1.879870768835553918e+03 6.882430470807097436e+02 2.954717708265281431e+02 2.223628492517016639e+03 3.837245808979535582e+02 1.967307855353584273e+03 1.254211831202942449e+03 2.650596698567675048e+03 1.938038409661178321e+02 8.351323784442841998e+02 1.754217226539931289e+03
8.653562975718198231e+02 6.450411689538289011e+02 1.762353464079919263e+02 4.460301127838104094e+02 1.680182232346834326e+02 6.378354353021686620e+02 5.507628201565776180e+02 5.714637479860073199e+02 4.237722095672625642e+02 4.678346574810342418e+02 6.446278126563636306e+02
2.720742293131249880e+03 1.006505137912389159e+03 4.866498107084781850e+02 2.307985938344875194e+03 3.675048674959603545e+02 2.345833693888586367e+03 1.574968631692734107e+03 1.125581124932403782e+03 1.148113845321889812e+03 9.854594375338105010e+02 1.938593293672284290e+03
2.116634691501744783e+03 8.661173457508307365e+02 9.290328288706755302e+02 7.433322467983906563e+02 4.793227008149677886e+02 8.942454016300023341e+02 8.046155995342392089e+02 7.845019790454098256e+02 8.486616996507781323e+02 9.759192083818401215e+02 2.737454249127003550e+03
3.526342188853313019e+03 1.901658966214132761e+03 9.051053999421908429e+02 2.190219751660261863e+03 1.709339012417181493e+03 2.964356338435053658e+03 3.034172105111086239e+03 2.838353161998275937e+03 9.971643084041693328e+01 1.850056887092089710e+03 1.989959572624934253e+03
1.642594543617164845e+03 5.251785786457770655e+02 2.848984843380051188e+02 1.611472010778014237e+03 1.438426406200525207e+02 2.410966251263208960e+03 2.827883192994176170e+03 1.105741865948138866e+03 5.703361401111385476e+01 7.282063994611954740e+02 1.197327450320076878e+03
1.591643061619624405e+03 6.031484833586530385e+02 4.236036202757176170e+02 4.778936471676411202e+02 2.549357776945459477e+02 3.533628661469590497e+02 6.318674493259602514e+02 5.743778156892465176e+02 1.468712951449655975e+03 6.390396437554779823e+02 2.739538154584743097e+03
1.819526229939318682e+03 4.118333070240638563e+02 2.181188108390733191e+02 1.811453617468920356e+03 1.131801736385395770e+03 1.863908339910501581e+03 2.290171954748702319e+03 2.114643620099981945e+03 8.057641673244640970e+02 9.633670086818636946e+02 1.326132070507867638e+03
2.007982571792361796e+03 4.472502475594011457e+02 2.740418163812094008e+02 1.777393803932534411e+03 1.189101824869411757e+03 1.928866544065673907e+03 2.572259499221860096e+03 2.197859838732502340e+03 3.616545480221793696e+01 9.134893195642538331e+02 1.364423030131661790e+03
1.555786407766762750e+03 3.890951127198173936e+02 1.922593384892176118e+02 1.659165377653432415e+03 1.306260490373746961e+03 1.692838900773481782e+03 2.623442323514803320e+03 2.338959354944882307e+03 5.734309692254203128e+01 1.597713016290810174e+03 1.605000493664597116e+03
3.947136861885157941e+03 3.346189790165761679e+03 1.226100845599683453e+03 2.403842781083592854e+03 1.935580958346339457e+03 3.255136861885468079e+03 3.162750391481304632e+03 3.058113999373637853e+03 8.889558409019740566e+02 2.230612590040828763e+03 2.301105543376170317e+03
3.980385654885526037e+03 3.943353950103836723e+03 2.424242203742065612e+03 1.918132536382516719e+03 1.404670478170516162e+03 2.606195945945957646e+03 2.484159563409592920e+03 2.185729209979215739e+03 1.591214137214180028e+03 1.905683471933405826e+03 2.341061850311832131e+03
1.483204029981212898e+03 3.102179499654812389e+02 1.505213666891985440e+02 1.359044777572146813e+03 7.817219896816814071e+02 1.840609948408472974e+03 2.449343716538412082e+03 1.847910736883099389e+03 8.336989194978043543e+02 6.490715467729096417e+02 9.980600603524991357e+02
1.516181456317200627e+03 2.638699883329505610e+03 2.164421384942510485e+03 9.960829043990133869e+02 4.931845446435651752e+02 2.519124562487231287e+03 1.527484455425081705e+03 1.126601331411716274e+03 3.335125935077314807e+02 1.043315626930204417e+03 1.857449179877824690e+03
2.658173696239169203e+03 1.236797008102977543e+03 1.006580095574351617e+03 8.150371909409880118e+02 5.404367338459288703e+02 1.024226469977337729e+03 8.794132557655320852e+02 8.999424475379263413e+02 1.864427799708705606e+03 1.485603989196069961e+03 2.661477249117087467e+03
3.297398838266941311e+03 1.285588634613977092e+03 5.753191965848026257e+02 2.281169850934120404e+03 3.470868500245059067e+02 2.422459234376132827e+03 2.626660228147463840e+03 1.240815732381560110e+03 1.288864161243017406e+03 1.058029813142974263e+03 1.963599972006471035e+03
1.096927566549598851e+03 7.281439255269160640e+02 4.791169917890535999e+02 1.810744417133008710e+03 1.293049108310297242e+03 2.485463103394296013e+03 2.461817059777150916e+03 2.449133831912564801e+03 7.939396475069645476e+01 1.452457925840826647e+03 1.573896135139349553e+03
1.219877438287423956e+03 1.654243397203579207e+03 1.023226307612547657e+03 8.417434835144538283e+02 4.934945624029528517e+02 1.713360952874147188e+03 1.113722423614622812e+03 9.597735197652419856e+02 5.990781978249809754e+02 9.858166752977789429e+02 1.428062143966847088e+03
2.306410075511059404e+03 7.987002149590119870e+02 4.199619688032502154e+02 2.126873615168141441e+03 2.785258226316171317e+02 2.354153006669404022e+03 2.528013118006855166e+03 1.096945047676798140e+03 1.205809844016618626e+03 9.151447941354358591e+02 1.793531058810593322e+03
1.351108471354589483e+03 2.578396687479144020e+02 8.299144718961395029e+01 1.100893565028299008e+03 6.363026065708112355e+02 1.793143768666867345e+03 2.692604941623580999e+03 1.863348493076304294e+03 4.274341569336297653e+01 4.615743958727331346e+02 2.100541677981150315e+02
2.116577808256789922e+03 7.144297352899707221e+02 3.792081195993538927e+02 1.911200329172755119e+03 2.155704292967341189e+02 2.370981538883725079e+03 2.734983075023903439e+03 1.112267617610761135e+03 7.902630640475683776e+01 8.512291866685850437e+02 1.633104594705766203e+03
1.799400905918214903e+03 6.942211331402231735e+02 7.701459864854504076e+02 5.521957377291040530e+02 3.865374619440540869e+02 1.106202420732264272e+03 1.076339793569399490e+03 1.201633325907781455e+03 2.280742555877051018e+03 7.505460755921330929e+02 2.635561297987755552e+03
1.634718171125845402e+03 3.197612466916432368e+02 1.960127903555899707e+02 1.369488091737553759e+03 6.822814613350071795e+02 1.759793222581750342e+03 2.565124154660290515e+03 1.804481917083218377e+03 3.070552778538979055e+01 6.590423404881670422e+02 9.967108203470803574e+02
1.999881815938807222e+03 6.933002714038744898e+02 3.114483098937938621e+02 2.126900814211550824e+03 3.264078460399433652e+02 1.024865778435901348e+03 2.256723908216171822e+03 2.483417715272645637e+03 1.068861584011929153e+03 8.857986676535390416e+02 1.759901554404151511e+03
8.359189394576578707e+02 4.215387992907733405e+02 1.564600861268097105e+03 4.856766022120709749e+02 1.356166511863094684e+02 1.766001182132913982e+03 1.225245292577808414e+03 6.178110276112554402e+02 4.203299839567975482e+02 4.428411720004452263e+02 1.460179346449374407e+03
1.746768139475128919e+03 4.311894709851550260e+02 1.999405179042861391e+02 1.933803948380326801e+03 1.312902486967120240e+03 1.924093838133521785e+03 2.279603110845228002e+03 2.288926929322288288e+03 1.023234766259401226e+03 1.751496282368821539e+03 1.272189727373825463e+03
3.933982475660349337e+03 3.987983310152498689e+03 2.457175521557540378e+03 1.302981919332435837e+03 8.073193324061127214e+02 2.557149930459071584e+03 1.997971627260119476e+03 1.291976912378310772e+03 7.115746870653714495e+02 1.392743254520137498e+03 2.363584979137782284e+03
1.852093462783094992e+03 6.558899676374264800e+02 3.111354045305887439e+02 2.224532686083899534e+03 3.512062135923994219e+02 2.134593009708698901e+03 1.855172556634227703e+03 2.479318705501626027e+03 1.168351326860585004e+03 8.617048543689561484e+02 1.788970873786419361e+03
2.018485688537949727e+03 5.350981418700073391e+02 3.234575805688724017e+02 2.077579882418370744e+03 1.583499120285298432e+03 1.753171694631597802e+03 2.067165429343913729e+03 2.467299317684426569e+03 1.284155688108578488e+03 2.138475217783422522e+03 1.979995022100238884e+03
2.662731008323456990e+03 8.159808239383798991e+02 4.881531977662336885e+02 2.086355283953042090e+03 1.638635970920125146e+03 2.159289853545416918e+03 2.758846486144680057e+03 2.679032135707520411e+03 7.723190390884519729e+01 2.139292382256955079e+03 1.901775576862334219e+03
1.959337146911484979e+03 5.151833621567529917e+02 3.274937696774711640e+02 1.878676599707222522e+03 1.398838721121255958e+03 1.926527071970228462e+03 2.119962041594603761e+03 2.252840938317599466e+03 1.569695889317146566e+03 1.233385659172477062e+03 1.849407121635434578e+03
1.850250067659017532e+03 2.512350744248911724e+03 1.507093369418007569e+03 1.179656292286876123e+03 7.791951285520976853e+02 2.223688768606262784e+03 1.532673342354495389e+03 1.316014073071726216e+03 1.816813531799833981e+03 1.589598917455952233e+03 2.689362922868823716e+03
2.074183819801548452e+03 7.372923879190850585e+02 3.888966466284494459e+02 2.068782501629510534e+03 2.509332947055582963e+02 1.081913232418491589e+03 2.230902875353077889e+03 9.819251104512284201e+02 1.157718838270533070e+03 8.792971681030900299e+02 1.776039690012316896e+03
2.366478944060395861e+03 1.630205980066467191e+03 8.787483164227552379e+02 2.206810810810705789e+03 1.732125707102534761e+03 2.824793391398161475e+03 2.738580946394837611e+03 2.773497710334927888e+03 1.381824907964544991e+03 2.120284816377788047e+03 2.101091496812474816e+03
3.823143436577986904e+03 3.850124999999699867e+03 2.315862831858251866e+03 1.180248893805322950e+03 6.710081120943898441e+02 1.636048303834776107e+03 9.774933628317976400e+02 9.839716076696245182e+02 1.720045353982345659e+03 1.587648967551570877e+03 1.913129793510295031e+03
1.752890907959425476e+03 3.940329329764850172e+03 2.128131184267657773e+03 9.918805152777092644e+02 5.584753251603175386e+02 2.546143755056446935e+03 1.728703964154517735e+03 1.155334868380118905e+03 9.030978903480638564e+01 9.629156761466086891e+02 2.010658783994089617e+03
2.794110836255953473e+03 2.780007384160448964e+03 2.150401033782344712e+03 9.457724940001398863e+02 5.477010891637588657e+02 2.152773860070117735e+03 1.803044932619454585e+03 9.407184788628474053e+02 6.066572641683266056e+02 9.953035259368466541e+02 2.128283699464749134e+03
2.809852308756467664e+03 2.291022539920279087e+03 2.507163428834778642e+03 9.749833400587399410e+02 2.347405315040257392e+02 1.990982648296548632e+03 8.654806018330823463e+02 8.661908110912631855e+02 1.164741107972620057e+03 1.306680809361806951e+03 1.777136795987777532e+03
9.428505730858591960e+02 4.672360266022423048e+02 2.986043582848242863e+02 1.319295316258572939e+03 9.417713315410068162e+02 2.497237158624773201e+03 2.542708787321266300e+03 2.211813074854967908e+03 7.241120701820409522e+01 7.732862600821906653e+02 1.194568982595266789e+03
1.815402677443818448e+03 6.217547865623279222e+02 2.971214953269700345e+02 2.265445819651221427e+03 3.732853750946770219e+02 1.819712452639527783e+03 9.806078302600667485e+02 2.541122909825721763e+03 1.129403182621955239e+03 8.467944430411051826e+02 1.819185652942649085e+03
2.047630221063493309e+03 1.289111943946480096e+03 7.347696485796692514e+02 2.040111672369623648e+03 1.581506925208022039e+03 2.818630166748326701e+03 2.816596165335849946e+03 2.718788550323184609e+03 7.170170007050671757e+01 1.827052305686666841e+03 1.858111129216243171e+03
2.480755926284970883e+03 8.997172453927578317e+02 4.250902036856221002e+02 2.272926013578818129e+03 3.866686323957404170e+02 2.209149330746869055e+03 2.501408962172573410e+03 2.386374859359852962e+03 1.263743006789279207e+03 9.784432977691282076e+02 1.903070572260002336e+03
1.070516434661967196e+03 7.990102762188885208e+02 8.820730267472663400e+02 8.235877851466912034e+02 3.899672035566320005e+02 1.804552437868986544e+03 1.039778733328381577e+03 8.561271044384601510e+02 7.596023613439327846e+02 8.289891407331232358e+02 2.499341447416467417e+03
1.842964582180425168e+03 3.575137244050608842e+03 1.284189263973343259e+03 9.602628666298143116e+02 6.629690094078514448e+02 1.979499723298280969e+03 1.263874930824511466e+03 1.035744327614838994e+03 5.399380188157325620e+02 1.149521859435536498e+03 1.689421140011068474e+03
2.902947530599949459e+03 3.589640674484019655e+03 2.553042882821027433e+03 1.087477189078166020e+03 3.533226054952128266e+02 1.932688521783795522e+03 8.709427373105506831e+02 9.142675682615847563e+02 1.329378413078885387e+03 1.445225712573781038e+03 1.782107677822484447e+03
1.588665545977804186e+03 3.802877069992099450e+02 1.986274187200983192e+02 1.578136127901575946e+03 1.083791408848655237e+03 1.960531778675922169e+03 2.387076791015352683e+03 1.996556243070217988e+03 1.325950999677741265e+03 8.384332772989420164e+02 1.462417539969313339e+03
3.807069206802885674e+03 9.286686756218479104e+02 5.461328974922132602e+02 1.971535624904097858e+03 1.426400735482093296e+03 2.321907758312539045e+03 2.944276214311155854e+03 2.486421778436087607e+03 7.141263598739715235e+01 1.204172225343416585e+03 1.593695490065850663e+03
1.790546089163921124e+03 2.608699349516122311e+03 1.126165952720874884e+03 2.172952562271959323e+03 6.883979057591571973e+02 2.820185308583197184e+03 2.619751864191669483e+03 1.826811994288437290e+03 3.009309852450956555e+02 1.332796446136726900e+03 2.061431064572400373e+03
1.322210062750705674e+03 2.661430207605344549e+02 1.011626203801828296e+02 1.054108628671621773e+03 8.556145892145757443e+02 1.795807843074149559e+03 2.627495991353474892e+03 1.882142891710095228e+03 2.442102885843598870e+01 4.749812069497992297e+02 8.489942088368943587e+02
2.955715036902978227e+03 7.353747030314380027e+02 4.370094713166505471e+02 1.916400646203360111e+03 1.392670784630860226e+03 2.193442427698122628e+03 2.839866958091695324e+03 2.433767810193552577e+03 3.898862808410865455e+01 1.200704235167404022e+03 1.565696981215790629e+03
2.132762216506904679e+03 1.021588964227263318e+03 6.436195931727982043e+02 1.949114566284685225e+03 1.444872574234418835e+03 2.647484919336134681e+03 2.722221884498398595e+03 2.531214636427410369e+03 1.223076923076946969e+03 1.415863221884572340e+03 1.791516015898965179e+03
2.070508619781609013e+03 8.108552368245766502e+02 5.274434184191986787e+02 1.729534496681988003e+03 1.298344440153355663e+03 2.633505846002802627e+03 2.858091359151613233e+03 2.463917980407999494e+03 4.403918401705755059e+01 1.076262771672352528e+03 1.477535760682632827e+03
2.002977565036431542e+03 7.412154006243883941e+02 3.093695733609392846e+02 2.170809406867635516e+03 3.781820603537744887e+02 2.081566201873062710e+03 2.229243704474548395e+03 2.645236212278884523e+03 1.581883870966297536e+02 8.631780228927495955e+02 1.751828511966683891e+03
1.835513171152952282e+03 6.581404922987837836e+02 3.612136173886589177e+02 2.151029221246357793e+03 2.872668777891561263e+02 2.209664891320033348e+03 1.340713977256269573e+03 1.017166114869736020e+03 1.097176479055595337e+03 8.377945875917938565e+02 1.776402907729934668e+03
3.583353814432754916e+03 1.485951340206097257e+03 5.828635051546530121e+02 2.472110103092644295e+03 4.872684536082803106e+02 2.337078762886559616e+03 2.490112989690718223e+03 2.511932783505162661e+03 1.346665154639263619e+03 1.126447422680419095e+03 2.087616907216526215e+03
1.185888185369562734e+03 7.716333018994162103e+02 5.147148053347686982e+02 2.017604203152267473e+03 1.530914185639356219e+03 2.279205711976231214e+03 2.290527818941181977e+03 2.521241007678844198e+03 1.189062104270613418e+03 2.110800215546090385e+03 1.865436615923469390e+03
8.940257373873369033e+02 5.098444368523396406e+02 4.980696959344188031e+02 7.149787040198717705e+02 2.848857761074834798e+02 1.377433321945200987e+03 1.041837831681958733e+03 8.658446646167943754e+02 4.819735793189962578e+02 6.326828379455862432e+02 9.922619291653198843e+02
1.706351675789787805e+03 5.579827139153312601e+02 2.723643522518656255e+02 1.776818976279675098e+03 1.920313070201672190e+02 2.275119754153483882e+03 2.663921252280727913e+03 2.183605685201198867e+03 7.482435417256488108e+01 7.635741861135284125e+02 1.364764237011494515e+03
1.743807046134511666e+03 5.635425049628568104e+02 3.065472754746697888e+02 1.827260304008863386e+03 1.863262318886874027e+02 2.341762778156541572e+03 2.560633618773800208e+03 9.910109336573017345e+02 1.059731666123269861e+03 7.708757000208490808e+02 1.501344869477684824e+03
3.899247447587572424e+03 1.544574546021381593e+03 8.235323825111258884e+02 2.320263736263565079e+03 1.816972020887133112e+03 2.564803678590998061e+03 2.825655677655599447e+03 2.812796196711098673e+03 1.500273088613442951e+03 2.170905775075835663e+03 2.169592705167247914e+03
2.610076204169645280e+03 4.006020334804960385e+03 1.928907466365252731e+03 1.422462360069815986e+03 1.078888774776678474e+03 2.577701961589832536e+03 1.869861353599682388e+03 1.489628427647126500e+03 1.294322275855066437e+03 1.583094176851178872e+03 2.359815959741265942e+03
3.014931527654487127e+03 1.134885204404522028e+03 5.391803569168654349e+02 2.076873307176179424e+03 2.720663207188502497e+02 2.466616377673790794e+03 2.820751803569086860e+03 1.241436020756874314e+03 1.109932919884470266e+02 9.968120491077154384e+02 1.793570687254756194e+03
1.921591292517025067e+03 6.882057142856363043e+02 3.653960997731919065e+02 1.781736054421749714e+03 1.591354195011209640e+02 1.043120907029607224e+03 2.806633650793585275e+03 1.170202630385495468e+03 1.858819047619817866e+02 8.078965986394041465e+02 1.520605170067996369e+03
1.681875197245601157e+03 3.646501219335156065e+02 1.938080619708673566e+02 1.545571653995120641e+03 1.035399225362217749e+03 2.056034045808858536e+03 2.688674986850199275e+03 2.164711901687953286e+03 7.057925692136245743e+01 7.444942380338248995e+02 4.168513364893826747e+02
2.546627163640261188e+03 3.980915365827324877e+03 2.429580970584936949e+03 1.315544653286578750e+03 7.595017521503659736e+02 2.711373898269155688e+03 2.056182223638097184e+03 1.350514601253060846e+03 1.897840076458131762e+02 1.335010300520280452e+03 2.215047679728209914e+03
1.998534120800043638e+03 6.753168891756859011e+02 3.387973596703291719e+02 2.078106705047227933e+03 2.721625887140977511e+02 2.284247952752026777e+03 1.796896520919087607e+03 1.090631197578051797e+03 2.907322447765147899e+02 8.283005608218066982e+02 1.733010471983732259e+03
1.052121581782792873e+03 6.364863271323167737e+02 4.266245806647329459e+02 1.673175561654934199e+03 1.136081935549412265e+03 2.418150859001828394e+03 2.393229439869840007e+03 2.272704076446078943e+03 1.041376842533387844e+03 1.112895801565498687e+03 1.518801667174971499e+03
3.840317443957705109e+03 4.042400412264867555e+03 2.629885081164541134e+03 2.007601133728402601e+03 1.385067766039672051e+03 3.033095593919046678e+03 3.116328781241940760e+03 1.966838443700081370e+03 6.282298376704784459e+01 1.886745684101987990e+03 2.494178819891783860e+03
3.545916816431024017e+03 2.624506803593888435e+03 2.202099443731098290e+03 9.763164741119162500e+02 5.578908001712528630e+02 2.171807958921657701e+03 1.779344458707679678e+03 9.898637569533671012e+02 8.451929824561697160e+02 1.051010697475389861e+03 2.183010868635097268e+03
1.502952221416313478e+03 3.811021826632704688e+02 1.885001375101305712e+02 1.746837912843339609e+03 1.025630722304259507e+03 1.852023801785130445e+03 2.401260694552008317e+03 2.027373152986482182e+03 6.323164237271146249e+01 8.579894492088062634e+02 1.208778558391994011e+03
2.951985908404366000e+03 8.489105854721701689e+02 5.189675110439848140e+02 2.184727394732234643e+03 1.666074819661425863e+03 2.160385841301755590e+03 2.542640496560911288e+03 2.614788122798196582e+03 1.336188111614233549e+03 2.123481295084705380e+03 1.966705362634966605e+03
1.683312313181044374e+03 1.638622312216770752e+03 1.076178189181276139e+03 8.111487802525009556e+02 5.559286471892712598e+02 1.177208369491955409e+03 9.493391186962746815e+02 9.331389451354822313e+02 1.847649021309266573e+03 1.524291196605913683e+03 2.701528492913028913e+03
1.144808149986954504e+03 1.419963359301353648e+03 2.066427874325650919e+03 8.637085865934791400e+02 3.376289701224741293e+02 2.330176868418726372e+03 1.360323602431218205e+03 9.782689838198865573e+02 2.872887595240827636e+02 8.772355106582924691e+02 1.657485831692491274e+03
1.497323390894624936e+03 5.374202736039785577e+02 3.149479703968137869e+02 1.934934514465026268e+03 1.603435972191339260e+03 1.659661134783610123e+03 2.475660237721403519e+03 2.650607983852890357e+03 1.064110787171561014e+02 2.347523435748134034e+03 2.021506167302158474e+03
2.651637652395663736e+03 9.572931669974633451e+02 4.091766373688031990e+02 2.414013325772423741e+03 4.794922030054804623e+02 2.090939892259742464e+03 1.534802665154448277e+03 2.616754749078545046e+03 1.133715905869098151e+03 9.885449390416863480e+02 1.952414516586362879e+03
3.816718595534169708e+03 2.551442304414594219e+03 2.253608317709078165e+03 1.663197545594003259e+03 1.057525140617002080e+03 2.303296403613464463e+03 2.523004602011298630e+03 2.106319413669685218e+03 9.654201465825656214e+02 1.488166354184370675e+03 1.945771262996411224e+03
1.210591794568857949e+03 1.517562573789861744e+03 8.663099173553193850e+02 1.979039551357692289e+03 4.574123376624264665e+02 2.820174734356685804e+03 2.506698347107393602e+03 1.487490850059039531e+03 6.014846517129592485e+01 1.141915289256183769e+03 1.872458677685934163e+03
1.607456300812797053e+03 6.089711091752820948e+02 3.690741869917318922e+02 4.240317944248170079e+02 2.520718641117077254e+02 3.921893147497655718e+02 7.224578977936243973e+02 8.869089721254437109e+02 2.322613385597558590e+03 5.688458188152387720e+02 2.711573170731824575e+03
3.824055525894044877e+03 2.278043780031934148e+03 1.644659476775082112e+03 1.054093326214652279e+03 7.298302189001552733e+02 1.693256166577693648e+03 1.386833101975384579e+03 1.225406940736793103e+03 2.174432461291858999e+03 1.613964335290982717e+03 2.722988147357275921e+03
